01101001
10111010
00011101
11000101
01110011
10101010
00110110
11110001
01010111
10001110
00101001
11011011
01100010
10111101
00010111
11000011
01111110
10100101
00111111
11111101
01011010
10000111
00100110
11010101
01101100
10111001
00011111
11001110
01111001
10101101
00111010
11111011
01010100
10001011
00100001
11010010
01100111
10110110
00010101
11001010
01110110
10100011
00111000
11110111
01011001
10000001
00101111
11011110
01100100
10110001
00011011
11000111
01110101
10101111
00110101
11111000
01011101
10001101
00101101
11011100
01101011
10110101
00011000
11001001
01111011
10101000
00111100
11111111
01010011
10001010
00100111
11010001
01101111
10110111
00010010
11001100
01110000
10100111
00110011
11110010
01011111
10000110
00101011
11010111
01100001
10111111
00011100
11000110
01111100
10101110
00111001
11110101
01011100
10001111
00101000
11011010
01101000
10111100
00010011
11001011